./Datasets/Source/Images/2009_004125.jpg 42,143,307,263,3 93,187,107,203,14 85,191,98,204,14 140,180,166,203,14 169,190,189,203,14 210,190,225,202,14 249,187,263,200,14
./Datasets/Source/Images/2009_004140.jpg 398,169,500,251,17 189,167,251,237,8 99,180,211,327,8 305,185,390,340,8 106,234,427,375,10 60,206,248,375,8 285,218,500,375,8
./Datasets/Source/Images/2009_004568.jpg 93,88,159,148,2 205,102,262,167,2 168,93,241,221,2 161,199,198,259,2 231,241,294,312,2 380,219,450,292,2 392,181,492,239,2
./Datasets/Source/Images/2009_005038.jpg 1,367,375,500,10 92,270,166,500,4 56,63,375,416,14 64,190,125,262,15 297,155,315,194,4 335,152,375,215,14
./Datasets/Source/Images/2009_005078.jpg 121,125,368,264,13 185,99,336,194,14
./Datasets/Source/Images/2009_005302.jpg 36,103,87,274,4 108,107,156,279,4 161,108,211,284,4 213,112,261,291,4 276,110,325,294,4 336,106,391,296,4 389,111,444,297,4 451,113,500,293,4
./Datasets/Source/Images/2010_000573.jpg 101,61,448,346,5 450,254,471,303,14 463,259,482,309,14 305,225,326,272,14 203,175,221,251,4 150,251,168,269,14
./Datasets/Source/Images/2010_001024.jpg 2,101,500,332,0 333,51,374,163,14 221,18,269,138,14 176,70,217,145,14 89,40,136,152,14
./Datasets/Source/Images/2010_001070.jpg 128,159,268,315,7
./Datasets/Source/Images/2010_001079.jpg 160,59,205,101,16 142,90,212,158,16 167,120,285,202,16 161,224,290,316,16 335,112,406,157,16 326,134,428,210,16
./Datasets/Source/Images/2010_001104.jpg 6,254,226,339,18
