./Datasets/SIGtored/augmented_images/00000000.jpg 67,20,207,133,17 409,17,495,113,8 464,35,618,237,8 218,42,335,255,8 167,109,609,303,10 414,71,672,303,8 67,87,363,303,8 98,303,417,565,5 77,343,96,388,14 67,337,84,383,14 210,371,229,415,14 306,391,323,461,4 355,374,372,391,14 417,303,580,366,18
./Datasets/SIGtored/augmented_images/00000001.jpg 29,278,120,361,2 184,252,263,342,2 133,177,234,354,2 123,124,174,207,2 220,50,308,149,2 427,78,524,179,2 444,152,583,232,2 29,361,68,494,4 85,364,122,498,4 126,365,165,502,4 167,368,204,507,4 216,366,254,509,4 263,363,306,511,4 304,367,347,512,4 352,368,391,509,4 391,361,570,561,7 29,512,260,601,18
./Datasets/SIGtored/augmented_images/00000002.jpg 21,0,495,389,5 498,263,526,330,14 515,270,541,338,14 300,224,328,288,14 161,155,185,259,4 88,259,113,284,14 21,389,65,538,4 84,393,126,543,4 130,394,174,547,4 175,397,217,553,4 230,395,273,556,4 283,392,331,557,4 329,396,377,558,4 383,398,426,555,4 541,0,692,168,7 541,409,725,512,13 588,389,701,460,14 541,168,665,238,13 557,203,633,251,14
./Datasets/SIGtored/augmented_images/00000003.jpg 467,37,607,149,17 181,34,265,130,8 57,52,211,254,8 339,59,456,271,8 67,126,507,319,10 4,88,261,319,8 312,104,607,319,8 4,319,71,380,2 118,333,175,399,2 80,324,154,453,2 73,431,110,492,2 144,474,207,545,2 294,451,365,525,2 306,413,407,472,2 407,319,581,513,7
./Datasets/SIGtored/augmented_images/00000004.jpg 41,51,457,392,5 14,282,39,341,14 1,288,23,348,14 187,248,212,304,14 313,188,335,279,4 376,279,398,300,14 1,392,46,543,4 64,396,107,547,4 111,397,155,552,4 157,400,199,558,4 212,398,255,561,4 265,395,313,562,4 312,399,360,563,4 366,401,409,560,4
./Datasets/SIGtored/augmented_images/00000005.jpg 3,6,101,96,2 170,27,256,124,2 115,14,224,205,2 104,172,160,262,2 209,235,303,341,2 432,202,537,311,2 450,145,600,232,2 3,494,65,550,2 108,477,161,537,2 73,426,141,546,2 67,391,101,447,2 132,341,191,408,2 271,360,336,428,2 282,410,375,464,2 375,354,502,426,13 408,341,485,389,14
./Datasets/SIGtored/augmented_images/00000006.jpg 26,111,627,390,0 178,51,228,186,14 305,11,363,156,14 368,74,417,165,14 465,38,522,173,14
./Datasets/SIGtored/augmented_images/00000007.jpg 26,19,124,98,17 264,17,324,84,8 303,30,410,170,8 131,34,213,183,8 96,81,403,216,10 267,55,447,216,8 26,66,232,216,8 26,216,318,455,5 319,378,337,419,14 330,382,346,424,14 198,353,215,393,14 112,311,127,375,4 67,375,83,390,14 346,216,538,430,7 447,17,571,155,7 346,430,522,498,18
./Datasets/SIGtored/augmented_images/00000008.jpg 2,17,86,93,2 145,35,218,118,2 98,23,191,187,2 89,159,136,235,2 178,212,259,303,2 368,184,458,277,2 384,136,511,210,2 2,303,216,400,3 44,339,55,352,14 37,342,48,352,14 82,333,103,352,14 105,341,121,352,14 138,341,150,351,14 170,339,181,349,14 216,303,436,388,18
./Datasets/SIGtored/augmented_images/00000009.jpg 28,355,421,495,10 248,253,326,495,4 28,36,364,406,14 291,169,355,245,15 91,132,110,173,4 28,129,70,195,14 421,36,609,246,7 434,246,467,276,16 421,268,472,318,16 440,290,526,350,16 435,366,529,434,16 562,284,614,317,16 556,301,630,356,16 421,451,586,544,13 442,434,543,497,14 28,495,200,573,3 61,534,70,544,14 56,533,64,541,14 91,534,108,549,14 110,534,123,542,14 137,534,147,542,14 162,536,171,544,14 421,544,535,588,18
